1551768059.945670 1.23241 -0.00240 0.04383 -0.00278 -0.00035 -0.01417 0.99990
1551768060.138461 1.48529 -0.01016 0.06322 -0.00335 -0.00071 -0.01997 0.99979
1551768060.344291 1.78571 -0.02109 0.06849 -0.00308 -0.00174 -0.02711 0.99963
1551768060.575837 2.11059 -0.04981 0.08605 -0.00173 -0.00184 -0.03474 0.99939
1551768060.890649 2.65199 -0.10043 0.11550 -0.00039 -0.00272 -0.04547 0.99896
1551768061.173232 3.16398 -0.14701 0.13876 -0.00005 -0.00290 -0.05391 0.99854
1551768061.442498 3.79610 -0.21972 0.16958 -0.00027 -0.00311 -0.06314 0.99800
1551768061.678405 4.34353 -0.28801 0.18792 0.00034 -0.00348 -0.07001 0.99754
1551768061.883309 4.85658 -0.35746 0.21131 0.00128 -0.00371 -0.07530 0.99715
1551768062.167737 5.58683 -0.47953 0.24055 0.00353 -0.00354 -0.08066 0.99673
1551768062.550959 6.69187 -0.66078 0.29370 0.00321 -0.00372 -0.08561 0.99632
1551768062.870306 7.79090 -0.83371 0.34238 0.00048 -0.00353 -0.08766 0.99614
1551768063.174283 9.00025 -1.03531 0.42361 -0.00083 -0.00131 -0.08798 0.99612
1551768063.505047 10.42691 -1.29471 0.49826 -0.00081 -0.00216 -0.08798 0.99612
1551768063.736805 11.39800 -1.47375 0.53533 -0.00024 -0.00358 -0.08823 0.99609
1551768063.913058 12.13135 -1.60483 0.55793 -0.00055 -0.00420 -0.08863 0.99606
1551768064.322322 13.80442 -1.87394 0.66129 -0.00381 -0.00369 -0.08914 0.99600
1551768064.637192 15.43266 -2.15312 0.73051 -0.00597 -0.00367 -0.08768 0.99612
1551768064.879886 16.59828 -2.36580 0.80308 -0.00509 -0.00392 -0.08625 0.99625
1551768065.108076 18.00572 -2.61552 0.86023 -0.00521 -0.00348 -0.08435 0.99642
1551768065.371493 19.61062 -2.86877 0.93882 -0.00764 -0.00356 -0.08089 0.99669
1551768065.614309 21.07347 -3.09425 0.99715 -0.01086 -0.00453 -0.07639 0.99701
1551768065.846752 22.16927 -3.26271 1.06179 -0.01236 -0.00510 -0.07268 0.99727
1551768066.081437 23.86760 -3.50780 1.15908 -0.01253 -0.00753 -0.06713 0.99764
1551768066.263609 25.00231 -3.66599 1.20544 -0.01198 -0.01037 -0.06336 0.99786
1551768066.488626 26.18356 -3.81575 1.27349 -0.01129 -0.01149 -0.05975 0.99808
1551768066.730232 27.61002 -3.97917 1.36736 -0.01129 -0.01083 -0.05529 0.99835
1551768067.024066 29.25431 -4.14381 1.47843 -0.01197 -0.01099 -0.04905 0.99866
1551768067.340813 30.97749 -4.30051 1.60378 -0.01244 -0.01081 -0.04198 0.99898
1551768067.532951 32.54312 -4.40975 1.71606 -0.01429 -0.01077 -0.03641 0.99918
1551768067.770049 34.12150 -4.50023 1.81535 -0.01686 -0.01228 -0.03242 0.99926
1551768068.080882 36.69058 -4.65078 1.98367 -0.01929 -0.01377 -0.03106 0.99924
1551768068.402428 38.84712 -4.77783 2.12059 -0.02135 -0.01361 -0.03284 0.99914
1551768068.689355 40.81395 -4.90496 2.28126 -0.02105 -0.01225 -0.03474 0.99910
1551768068.943812 42.57314 -5.04022 2.40666 -0.01869 -0.01154 -0.03632 0.99910
1551768069.232447 44.61383 -5.18874 2.54544 -0.01820 -0.01191 -0.03805 0.99904
1551768069.433633 46.45185 -5.32672 2.65780 -0.01869 -0.01194 -0.03937 0.99898
1551768069.626415 48.03620 -5.46521 2.77762 -0.01581 -0.01115 -0.04013 0.99901
1551768069.807910 49.37742 -5.59175 2.86750 -0.01150 -0.01070 -0.04081 0.99904
1551768070.000588 50.94323 -5.74626 2.96651 -0.00717 -0.00989 -0.04181 0.99905
1551768070.142457 52.30735 -5.87101 3.06525 -0.00565 -0.00777 -0.04271 0.99904
1551768070.375714 54.22412 -6.03251 3.19313 -0.00559 -0.00421 -0.04350 0.99903
1551768070.572188 55.57985 -6.14663 3.28074 -0.00619 -0.00335 -0.04378 0.99902
1551768070.786591 57.80951 -6.34317 3.39398 -0.00707 -0.00514 -0.04399 0.99899
1551768071.053408 60.10664 -6.54153 3.49776 -0.00766 -0.00569 -0.04463 0.99896
1551768071.327681 62.71958 -6.72548 3.68826 -0.00932 -0.00424 -0.04592 0.99889
1551768071.622342 65.09427 -6.93784 3.82329 -0.01106 -0.00336 -0.04684 0.99884
1551768071.856883 67.49507 -7.14996 3.96840 -0.01161 -0.00315 -0.04803 0.99877
1551768072.163131 69.60489 -7.33756 4.08244 -0.01175 -0.00280 -0.04918 0.99872
1551768072.374983 71.44916 -7.51283 4.17283 -0.01020 -0.00222 -0.05012 0.99869
1551768072.548652 73.25520 -7.71712 4.27864 -0.00960 -0.00117 -0.05062 0.99867
1551768072.766161 75.42190 -7.93112 4.38296 -0.01037 0.00099 -0.05177 0.99860
1551768072.970306 77.29463 -8.10308 4.47438 -0.01164 0.00303 -0.05294 0.99853
1551768073.154168 79.46070 -8.32571 4.58486 -0.01281 0.00450 -0.05435 0.99843
1551768073.364890 81.34258 -8.51935 4.65457 -0.01401 0.00367 -0.05590 0.99833
1551768073.435524 81.97091 -8.58027 4.66399 -0.01458 0.00318 -0.05649 0.99829
1551768073.556357 83.20796 -8.71140 4.70604 -0.01462 0.00243 -0.05767 0.99823
1551768073.717689 84.75191 -8.89369 4.77137 -0.01479 0.00207 -0.05907 0.99814
1551768073.848426 86.00494 -9.03502 4.83705 -0.01510 0.00231 -0.06033 0.99806
1551768073.959062 87.25315 -9.18911 4.89225 -0.01485 0.00199 -0.06136 0.99800
1551768074.069788 88.21396 -9.29302 4.93052 -0.01505 0.00178 -0.06236 0.99794
1551768074.220638 89.78920 -9.49651 4.99439 -0.01487 0.00096 -0.06357 0.99787
1551768074.485646 91.97589 -9.75231 5.09409 -0.01744 -0.00086 -0.06567 0.99769
1551768074.656211 93.56329 -9.95047 5.17191 -0.01866 -0.00173 -0.06702 0.99758
1551768074.878918 95.49006 -10.21517 5.26531 -0.01785 -0.00223 -0.06856 0.99748
1551768075.072202 97.42652 -10.49272 5.36187 -0.01658 -0.00230 -0.07022 0.99739
1551768075.273620 99.38837 -10.75727 5.47508 -0.01692 -0.00239 -0.07196 0.99726
1551768075.435359 101.00678 -10.98243 5.56620 -0.01693 -0.00274 -0.07320 0.99717
1551768075.586603 102.28039 -11.16603 5.63400 -0.01744 -0.00323 -0.07404 0.99710
1551768075.844586 104.54697 -11.48979 5.75724 -0.01827 -0.00534 -0.07553 0.99696
1551768076.015767 106.14737 -11.72751 5.83583 -0.01851 -0.00540 -0.07652 0.99688
1551768076.157656 107.36595 -11.92000 5.90268 -0.01870 -0.00436 -0.07739 0.99682
1551768076.330219 108.58617 -12.10668 5.99039 -0.01932 -0.00360 -0.07832 0.99673
1551768076.649447 111.81041 -12.59674 6.16943 -0.01890 -0.00576 -0.08092 0.99653
1551768076.823752 113.66451 -12.90912 6.27717 -0.01859 -0.00700 -0.08194 0.99644
1551768077.010980 115.45244 -13.20458 6.40487 -0.01771 -0.00711 -0.08287 0.99638
1551768077.142677 116.60144 -13.40220 6.48015 -0.01653 -0.00599 -0.08348 0.99635
1551768077.310239 118.09913 -13.65901 6.58475 -0.01564 -0.00468 -0.08420 0.99632
1551768077.476603 120.15971 -13.99671 6.72631 -0.01623 -0.00543 -0.08546 0.99619
1551768077.627604 121.31203 -14.19287 6.78779 -0.01642 -0.00615 -0.08630 0.99611
1551768077.912060 123.75835 -14.61857 6.91572 -0.01553 -0.00710 -0.08819 0.99596
1551768078.067993 125.49901 -14.91417 7.01719 -0.01631 -0.00750 -0.08956 0.99582
1551768078.189003 126.58134 -15.10846 7.08096 -0.01623 -0.00749 -0.09043 0.99574
1551768078.358244 127.99351 -15.35326 7.17509 -0.01540 -0.00743 -0.09159 0.99565
1551768078.509283 129.37580 -15.62859 7.26473 -0.01344 -0.00848 -0.09219 0.99561
1551768078.622458 130.48448 -15.84746 7.33262 -0.01178 -0.00979 -0.09268 0.99558
1551768078.803806 132.16060 -16.18066 7.43591 -0.01032 -0.01090 -0.09342 0.99551
1551768078.986711 133.82674 -16.49115 7.55964 -0.00938 -0.01118 -0.09430 0.99544
1551768079.177876 135.79961 -16.88500 7.68889 -0.00841 -0.01134 -0.09516 0.99536
1551768079.350045 137.47970 -17.22385 7.81277 -0.00839 -0.01195 -0.09600 0.99527
1551768079.533412 139.48944 -17.59917 7.94203 -0.00959 -0.01219 -0.09727 0.99514
1551768079.725768 141.47510 -17.97516 8.09836 -0.01034 -0.01192 -0.09826 0.99504
1551768079.967731 143.77609 -18.42587 8.27429 -0.00952 -0.01129 -0.09939 0.99494
1551768080.138930 145.46168 -18.77005 8.38714 -0.00833 -0.01154 -0.10029 0.99486
1551768080.320894 147.16714 -19.10204 8.50334 -0.00803 -0.01098 -0.10143 0.99475
1551768080.486027 148.85956 -19.44512 8.63046 -0.00875 -0.00969 -0.10228 0.99467
1551768080.648612 150.57706 -19.78401 8.74839 -0.01027 -0.00909 -0.10300 0.99459
1551768080.830953 152.26133 -20.13848 8.84774 -0.01020 -0.00985 -0.10358 0.99452
1551768081.042377 153.94230 -20.50418 8.94743 -0.00944 -0.01097 -0.10413 0.99446
1551768081.305102 155.64470 -20.84889 9.07769 -0.00922 -0.01174 -0.10496 0.99436
1551768081.486907 157.29540 -21.19907 9.18946 -0.00944 -0.01155 -0.10565 0.99429
1551768081.658763 158.96109 -21.53612 9.31360 -0.01114 -0.01050 -0.10614 0.99423
1551768081.841817 160.64450 -21.87497 9.41589 -0.01393 -0.00954 -0.10642 0.99418
1551768082.012916 162.32992 -22.21826 9.53231 -0.01614 -0.00950 -0.10663 0.99412
1551768082.255241 164.58251 -22.69114 9.68211 -0.01717 -0.01112 -0.10674 0.99408
1551768082.448026 166.22109 -23.05337 9.77859 -0.01434 -0.01339 -0.10695 0.99407
1551768082.701154 168.38128 -23.55012 9.90280 -0.01019 -0.01510 -0.10738 0.99405
1551768082.892716 169.93241 -23.89715 10.03364 -0.00963 -0.01318 -0.10789 0.99403
1551768083.074314 171.60222 -24.25778 10.16178 -0.00872 -0.01025 -0.10829 0.99403
1551768083.276961 173.17584 -24.59818 10.29233 -0.00895 -0.00875 -0.10839 0.99403
1551768083.468901 174.72158 -24.93649 10.39328 -0.00978 -0.00877 -0.10843 0.99402
1551768083.661413 176.29858 -25.26960 10.48788 -0.01103 -0.00800 -0.10849 0.99400
1551768083.913868 178.41406 -25.70924 10.64171 -0.01219 -0.00638 -0.10851 0.99400
1551768084.115427 179.98543 -26.04147 10.75149 -0.01292 -0.00663 -0.10861 0.99398
1551768084.316865 181.53474 -26.38069 10.81949 -0.01265 -0.00819 -0.10878 0.99395
1551768084.520254 183.07956 -26.71337 10.89962 -0.01188 -0.00922 -0.10896 0.99393
1551768084.721757 184.69179 -27.06871 11.00848 -0.00987 -0.00898 -0.10912 0.99394
1551768084.913115 186.28635 -27.41217 11.12263 -0.00893 -0.00829 -0.10952 0.99391
1551768085.094547 187.84848 -27.74693 11.22456 -0.00958 -0.00857 -0.11022 0.99382
1551768085.316071 189.34771 -28.07789 11.30680 -0.01043 -0.01040 -0.11083 0.99373
1551768085.538007 190.81858 -28.40328 11.40047 -0.01059 -0.01087 -0.11159 0.99364
1551768085.759667 192.27624 -28.72120 11.51718 -0.01114 -0.00968 -0.11232 0.99356
1551768085.962058 193.70187 -29.04176 11.62480 -0.01180 -0.01006 -0.11306 0.99347
1551768086.173761 195.09468 -29.36817 11.70736 -0.01170 -0.01113 -0.11368 0.99339
1551768086.385241 196.44889 -29.68586 11.78677 -0.01238 -0.01178 -0.11434 0.99330
1551768086.637373 198.27308 -30.09336 11.91645 -0.01381 -0.01232 -0.11566 0.99312
1551768086.889439 200.07923 -30.49422 12.04533 -0.01523 -0.01159 -0.11725 0.99292
1551768087.151404 201.82914 -30.90218 12.17357 -0.01554 -0.01170 -0.11874 0.99273
1551768087.413334 203.53986 -31.31192 12.28218 -0.01588 -0.01296 -0.12014 0.99255
1551768087.685492 205.19895 -31.70847 12.41424 -0.01508 -0.01255 -0.12166 0.99238
1551768088.007844 207.23677 -32.21028 12.56673 -0.01546 -0.01302 -0.12325 0.99217
1551768088.440770 209.56903 -32.79475 12.77175 -0.01480 -0.01272 -0.12411 0.99208
1551768088.793271 211.52808 -33.27373 12.92111 -0.01502 -0.01234 -0.12448 0.99203
1551768089.146167 213.42926 -33.74864 13.06998 -0.01526 -0.01247 -0.12469 0.99200
1551768089.509690 215.23915 -34.19943 13.21238 -0.01479 -0.01180 -0.12495 0.99198
1551768089.853706 217.00406 -34.63266 13.34911 -0.01691 -0.01315 -0.12517 0.99190
1551768090.217103 218.67712 -35.06119 13.46420 -0.01662 -0.01359 -0.12538 0.99188
1551768090.550954 220.23398 -35.47200 13.59524 -0.01558 -0.01417 -0.12532 0.99189
1551768090.798121 221.35700 -35.77343 13.66155 -0.01383 -0.01795 -0.12516 0.99188
1551768091.064277 222.44374 -36.07155 13.74836 -0.01123 -0.01826 -0.12463 0.99197
1551768091.316446 223.51217 -36.33430 13.85925 -0.01075 -0.01580 -0.12410 0.99209
1551768091.570346 224.49259 -36.56855 13.94442 -0.01242 -0.01644 -0.12348 0.99213
1551768091.822710 225.41428 -36.78972 14.01144 -0.01338 -0.01789 -0.12284 0.99218
1551768092.144918 226.47625 -37.05303 14.12521 -0.01246 -0.01592 -0.12210 0.99231
1551768092.408613 227.31389 -37.25784 14.16980 -0.01223 -0.01660 -0.12159 0.99237
1551768092.741928 228.21176 -37.47642 14.25342 -0.01264 -0.01719 -0.12107 0.99241
1551768093.125316 229.22702 -37.73495 14.33339 -0.01226 -0.01701 -0.12052 0.99249
1551768093.449469 230.01001 -37.92382 14.41407 -0.01149 -0.01669 -0.12007 0.99256
1551768093.833924 230.81031 -38.13704 14.49835 -0.01010 -0.01657 -0.11986 0.99260
1551768094.380318 231.82168 -38.38359 14.55852 -0.01224 -0.01598 -0.11972 0.99260
1551768094.884584 232.57010 -38.55040 14.62228 -0.01493 -0.01563 -0.11976 0.99257
1551768095.369199 233.20588 -38.71748 14.66516 -0.01236 -0.01647 -0.11959 0.99261
1551768096.318002 234.08268 -38.93726 14.72944 -0.01165 -0.01699 -0.11945 0.99263
1551768106.206606 235.52221 -39.27335 14.84438 -0.01221 -0.01751 -0.12007 0.99254
1551768107.623927 237.72456 -39.75293 14.99264 -0.01567 -0.01691 -0.12122 0.99236
1551768108.342965 239.22247 -40.12736 15.11576 -0.01521 -0.01691 -0.12141 0.99234
1551768108.796828 240.27827 -40.40238 15.20834 -0.01213 -0.01336 -0.12182 0.99239
1551768109.391621 242.01702 -40.81651 15.34344 -0.01436 -0.01451 -0.12284 0.99222
1551768109.897768 243.54292 -41.19659 15.46854 -0.01418 -0.01302 -0.12392 0.99211
1551768110.320832 244.94047 -41.56280 15.58582 -0.01245 -0.01389 -0.12461 0.99203
1551768110.653734 246.18446 -41.87508 15.67090 -0.01325 -0.01817 -0.12471 0.99194
1551768110.989575 247.49093 -42.20931 15.76453 -0.01461 -0.02138 -0.12470 0.99186
1551768111.353830 248.90840 -42.56677 15.90299 -0.01536 -0.01912 -0.12489 0.99187
1551768111.606747 250.08156 -42.86154 15.98846 -0.01568 -0.02194 -0.12449 0.99185
1551768111.798602 250.97040 -43.08236 16.05642 -0.01546 -0.02507 -0.12414 0.99183
1551768112.105439 252.50211 -43.49853 16.21348 -0.01258 -0.02451 -0.12363 0.99195
1551768112.357146 253.83941 -43.83037 16.31845 -0.01171 -0.02367 -0.12372 0.99197
1551768112.742472 255.87288 -44.32510 16.55907 -0.01516 -0.02396 -0.12385 0.99190
1551768112.984499 257.33813 -44.68335 16.69201 -0.01597 -0.02109 -0.12357 0.99198
1551768113.256581 258.81366 -45.04019 16.83839 -0.01507 -0.01962 -0.12330 0.99206
1551768113.589503 260.76258 -45.52197 17.00164 -0.01564 -0.01974 -0.12289 0.99210
1551768113.901898 262.36900 -45.90581 17.13469 -0.01716 -0.01789 -0.12270 0.99213
1551768114.174134 264.02398 -46.27813 17.27258 -0.02144 -0.01667 -0.12270 0.99207
1551768114.436274 265.67677 -46.66620 17.40708 -0.02445 -0.01702 -0.12245 0.99203
1551768114.698955 267.39695 -47.08314 17.54589 -0.02494 -0.01739 -0.12197 0.99207
1551768114.880461 268.71528 -47.41015 17.65509 -0.02425 -0.01686 -0.12177 0.99212
1551768115.071741 270.06291 -47.73720 17.77434 -0.02395 -0.01607 -0.12174 0.99214
1551768115.324688 271.91309 -48.15828 17.95897 -0.02590 -0.01434 -0.12184 0.99211
1551768115.580364 273.76858 -48.58045 18.10934 -0.02804 -0.01406 -0.12178 0.99206
1551768115.843519 275.62334 -49.02512 18.25064 -0.02980 -0.01519 -0.12171 0.99200
1551768116.095225 277.55159 -49.47523 18.41318 -0.03111 -0.01542 -0.12210 0.99191
1551768116.417830 280.11582 -50.05277 18.63167 -0.03324 -0.01372 -0.12292 0.99177
1551768116.670131 282.13423 -50.53939 18.78858 -0.03514 -0.01366 -0.12318 0.99167
1551768116.921710 284.08563 -51.01732 18.96501 -0.03618 -0.01449 -0.12343 0.99159
1551768117.113040 285.66734 -51.39647 19.08938 -0.03794 -0.01460 -0.12389 0.99146
1551768117.305230 287.19393 -51.76499 19.20556 -0.03850 -0.01524 -0.12420 0.99139
1551768117.497114 288.76099 -52.15990 19.33618 -0.03812 -0.01566 -0.12443 0.99137
1551768117.689015 290.33530 -52.54978 19.45641 -0.03819 -0.01584 -0.12483 0.99132
1551768117.890453 291.92119 -52.96127 19.58994 -0.03920 -0.01581 -0.12473 0.99129
1551768118.071858 293.56763 -53.36515 19.74505 -0.03848 -0.01556 -0.12455 0.99134
1551768118.273316 295.11539 -53.74234 19.90910 -0.03695 -0.01566 -0.12451 0.99141
1551768118.484992 296.69939 -54.15013 20.02258 -0.03536 -0.01683 -0.12421 0.99148
1551768118.787617 298.85375 -54.66884 20.22126 -0.03486 -0.01827 -0.12411 0.99149
1551768119.009481 300.47208 -55.05706 20.34413 -0.03501 -0.01917 -0.12403 0.99148
1551768119.230988 302.07108 -55.45064 20.48899 -0.03562 -0.01889 -0.12402 0.99146
1551768119.508294 303.68891 -55.83295 20.65518 -0.03596 -0.01830 -0.12421 0.99144
1551768119.711715 305.32767 -56.21574 20.79940 -0.03561 -0.01849 -0.12423 0.99144
1551768119.965025 307.51504 -56.75008 20.99115 -0.03568 -0.01847 -0.12438 0.99142
1551768120.156443 309.13216 -57.15638 21.14168 -0.03569 -0.01784 -0.12434 0.99144
1551768120.379442 310.80547 -57.56105 21.30078 -0.03648 -0.01670 -0.12465 0.99139
1551768120.570635 312.48541 -57.96621 21.45219 -0.03625 -0.01585 -0.12515 0.99135
1551768120.762116 314.15460 -58.38538 21.60026 -0.03638 -0.01568 -0.12537 0.99132
1551768120.953332 315.90377 -58.81114 21.74890 -0.03611 -0.01726 -0.12574 0.99126
1551768121.144788 317.61604 -59.22803 21.88077 -0.03618 -0.01966 -0.12609 0.99116
1551768121.346654 319.32806 -59.65600 22.01279 -0.03686 -0.02081 -0.12611 0.99111
1551768121.609803 321.65772 -60.23126 22.24534 -0.03667 -0.01928 -0.12628 0.99113
1551768121.780976 323.39993 -60.66899 22.42364 -0.03623 -0.01781 -0.12643 0.99115
1551768121.973075 325.16355 -61.10195 22.56158 -0.03613 -0.01809 -0.12654 0.99114
1551768122.185805 326.92409 -61.53105 22.71729 -0.03664 -0.01910 -0.12660 0.99109
1551768122.408621 328.66232 -61.96795 22.85623 -0.03708 -0.01978 -0.12641 0.99109
1551768122.610636 330.37524 -62.38810 23.00965 -0.03732 -0.01920 -0.12622 0.99111
1551768122.832597 332.11721 -62.84104 23.15983 -0.03622 -0.01875 -0.12580 0.99122
1551768122.973697 333.30725 -63.12608 23.27451 -0.03438 -0.01899 -0.12581 0.99128
1551768123.185382 335.13206 -63.56971 23.43338 -0.03201 -0.01963 -0.12579 0.99135
1551768123.397950 336.94370 -64.03222 23.60316 -0.03069 -0.01993 -0.12567 0.99140
1551768123.569674 338.74283 -64.48497 23.77706 -0.02997 -0.01953 -0.12564 0.99143
1551768123.761142 340.56845 -64.93164 23.93785 -0.02914 -0.01985 -0.12568 0.99144
1551768124.024298 343.00447 -65.52982 24.13283 -0.02850 -0.02119 -0.12598 0.99140
1551768124.195459 344.80698 -65.98306 24.28441 -0.02826 -0.02208 -0.12626 0.99135
1551768124.377028 346.63154 -66.44282 24.46135 -0.02790 -0.02238 -0.12665 0.99130
1551768124.599476 348.44564 -66.90640 24.62757 -0.02744 -0.02267 -0.12699 0.99127
1551768124.770910 349.68367 -67.21456 24.74317 -0.02736 -0.02295 -0.12732 0.99122
1551768124.992999 351.57338 -67.70356 24.90851 -0.02711 -0.02311 -0.12733 0.99122
1551768125.205349 353.46160 -68.19567 25.07851 -0.02697 -0.02298 -0.12747 0.99121
1551768125.427793 355.33072 -68.67683 25.25027 -0.02714 -0.02308 -0.12761 0.99118
1551768125.634262 357.21024 -69.14483 25.41046 -0.02783 -0.02365 -0.12786 0.99112
1551768125.836822 359.07739 -69.62087 25.59096 -0.02886 -0.02425 -0.12799 0.99106
1551768126.028110 360.98210 -70.10271 25.77224 -0.02816 -0.02512 -0.12834 0.99101
1551768126.259996 362.92536 -70.59307 25.95326 -0.02701 -0.02575 -0.12874 0.99098
1551768126.432411 364.84797 -71.09384 26.15796 -0.02535 -0.02493 -0.12901 0.99101
1551768126.644055 366.81347 -71.61695 26.35621 -0.02267 -0.02351 -0.12915 0.99109
1551768126.855385 368.78512 -72.15384 26.56368 -0.01899 -0.02278 -0.12904 0.99120
1551768127.059550 370.73651 -72.67674 26.73703 -0.01539 -0.02438 -0.12904 0.99122
1551768127.271713 372.65781 -73.20497 26.91844 -0.01247 -0.02691 -0.12894 0.99121
1551768127.462997 374.65381 -73.72780 27.10523 -0.01095 -0.02833 -0.12907 0.99117
1551768127.674793 376.66575 -74.26698 27.29585 -0.00992 -0.02784 -0.12903 0.99120
1551768127.888202 378.71918 -74.80914 27.51867 -0.00865 -0.02627 -0.12899 0.99126
1551768128.099678 380.81781 -75.35199 27.73386 -0.00805 -0.02561 -0.12881 0.99131
1551768128.292925 382.93183 -75.89480 27.93831 -0.00763 -0.02647 -0.12860 0.99131
1551768128.504655 385.00649 -76.44765 28.13218 -0.00769 -0.02744 -0.12820 0.99134
1551768128.697167 387.11098 -76.98290 28.33279 -0.00850 -0.02722 -0.12801 0.99136
1551768128.868307 389.23739 -77.52729 28.52786 -0.00964 -0.02677 -0.12778 0.99139
1551768129.095758 391.34309 -78.06776 28.73871 -0.01092 -0.02706 -0.12746 0.99141
1551768129.280609 393.46372 -78.59628 28.92953 -0.01205 -0.02829 -0.12692 0.99144
1551768129.392886 394.87947 -78.94829 29.07201 -0.01344 -0.02860 -0.12650 0.99146
1551768129.584055 396.93472 -79.47689 29.28657 -0.01475 -0.02831 -0.12562 0.99157
1551768129.715016 398.34320 -79.82725 29.41249 -0.01530 -0.02795 -0.12522 0.99162
1551768129.856274 399.73533 -80.18507 29.55394 -0.01606 -0.02705 -0.12474 0.99169
1551768129.978444 401.14709 -80.54022 29.68913 -0.01677 -0.02608 -0.12441 0.99175
1551768130.119409 402.59442 -80.87757 29.83508 -0.01730 -0.02499 -0.12446 0.99176
1551768130.250293 404.03951 -81.22882 29.97671 -0.01746 -0.02437 -0.12425 0.99180
1551768130.462180 406.13173 -81.75835 30.18449 -0.01775 -0.02398 -0.12373 0.99187
1551768130.665046 408.30659 -82.26285 30.35172 -0.01823 -0.02436 -0.12369 0.99185
1551768130.856305 410.40463 -82.76190 30.55451 -0.01911 -0.02435 -0.12350 0.99186
1551768131.048285 412.49533 -83.26051 30.74743 -0.02106 -0.02329 -0.12359 0.99184
1551768131.239684 414.57029 -83.77464 30.96434 -0.02175 -0.02183 -0.12358 0.99186
1551768131.360532 415.96368 -84.10483 31.09040 -0.02208 -0.02163 -0.12373 0.99183
1551768131.562758 418.01141 -84.59416 31.27079 -0.02238 -0.02365 -0.12388 0.99176
1551768131.684726 419.37037 -84.93073 31.39779 -0.02223 -0.02599 -0.12394 0.99170
1551768131.886725 421.37736 -85.43593 31.57923 -0.02136 -0.02856 -0.12414 0.99162
1551768132.037781 422.72467 -85.77333 31.71760 -0.02079 -0.02860 -0.12433 0.99161
1551768132.180017 424.07564 -86.10668 31.86166 -0.01991 -0.02730 -0.12464 0.99163
1551768132.331141 425.43751 -86.46305 32.00590 -0.01838 -0.02585 -0.12446 0.99172
1551768132.451927 426.78805 -86.80093 32.15415 -0.01713 -0.02523 -0.12462 0.99174
1551768132.613218 428.13040 -87.13009 32.29248 -0.01773 -0.02561 -0.12480 0.99169
1551768132.754415 429.46695 -87.46285 32.41808 -0.01857 -0.02699 -0.12482 0.99164
1551768132.937157 431.48371 -87.94851 32.60087 -0.02116 -0.02767 -0.12501 0.99154
1551768133.088256 432.84517 -88.25655 32.73022 -0.02372 -0.02697 -0.12543 0.99145
1551768133.291317 434.88292 -88.72092 32.93673 -0.02722 -0.02570 -0.12610 0.99131
1551768133.512890 436.81071 -89.20292 33.14664 -0.03080 -0.02463 -0.12652 0.99118
1551768133.694976 438.79697 -89.65817 33.35886 -0.03365 -0.02388 -0.12731 0.99100
1551768133.815943 440.12032 -89.99327 33.49143 -0.03492 -0.02360 -0.12763 0.99093
1551768134.011120 442.14704 -90.47993 33.68774 -0.03691 -0.02332 -0.12831 0.99077
1551768134.131920 443.46754 -90.80180 33.80710 -0.03819 -0.02362 -0.12891 0.99064
1551768134.313068 445.43325 -91.27638 34.02192 -0.03886 -0.02436 -0.12994 0.99046
1551768134.445666 446.73040 -91.60194 34.15484 -0.03855 -0.02526 -0.13072 0.99035
1551768134.658046 448.70237 -92.10374 34.35354 -0.03841 -0.02568 -0.13171 0.99021
1551768134.849368 450.62239 -92.60281 34.53754 -0.03705 -0.02616 -0.13210 0.99020
1551768135.071854 452.52494 -93.12748 34.76234 -0.03446 -0.02657 -0.13164 0.99034
1551768135.285093 454.48570 -93.65186 34.95560 -0.03169 -0.02794 -0.13107 0.99047
1551768135.486585 456.47571 -94.16880 35.16394 -0.02904 -0.02832 -0.13064 0.99060
1551768135.677990 458.43769 -94.67862 35.38289 -0.02693 -0.02735 -0.13010 0.99076
1551768135.808830 459.74799 -95.02560 35.54345 -0.02563 -0.02673 -0.12948 0.99089
1551768135.929682 461.06188 -95.35079 35.69092 -0.02439 -0.02651 -0.12895 0.99100
1551768136.112540 462.98965 -95.84986 35.89405 -0.02309 -0.02769 -0.12788 0.99113
1551768136.299573 464.95593 -96.36656 36.07830 -0.02233 -0.02975 -0.12682 0.99123
1551768136.613554 467.47959 -96.97584 36.35116 -0.02235 -0.03001 -0.12605 0.99132
1551768136.835378 469.50708 -97.46826 36.62835 -0.02235 -0.02877 -0.12586 0.99138
1551768137.020678 471.38792 -97.92861 36.81152 -0.02243 -0.02890 -0.12591 0.99137
1551768137.201816 473.33461 -98.41408 37.00963 -0.02292 -0.03017 -0.12615 0.99129
1551768137.403145 475.33043 -98.90507 37.21563 -0.02336 -0.03114 -0.12657 0.99119
1551768137.606714 477.30956 -99.39709 37.42433 -0.02367 -0.03119 -0.12703 0.99113
1551768137.788780 479.30861 -99.90632 37.65881 -0.02344 -0.03078 -0.12749 0.99109
1551768137.979934 481.26691 -100.39351 37.88083 -0.02255 -0.03116 -0.12807 0.99102
1551768138.161716 483.24344 -100.91447 38.08742 -0.02161 -0.03227 -0.12844 0.99096
1551768138.363085 485.23729 -101.42334 38.30342 -0.01994 -0.03298 -0.12900 0.99089
1551768138.566718 487.22283 -101.94450 38.50387 -0.01891 -0.03246 -0.12963 0.99085
1551768138.690010 488.50018 -102.30296 38.65659 -0.01778 -0.03136 -0.12993 0.99087
1551768138.831703 489.82119 -102.64247 38.80496 -0.01694 -0.03037 -0.13083 0.99079
1551768138.973006 491.11531 -102.97259 38.95791 -0.01625 -0.02961 -0.13203 0.99067
1551768139.185889 493.09873 -103.49368 39.17205 -0.01585 -0.02971 -0.13412 0.99039
1551768139.377784 495.08302 -104.02851 39.37453 -0.01589 -0.03161 -0.13627 0.99004
1551768139.579260 497.02516 -104.55772 39.59368 -0.01469 -0.03320 -0.13781 0.98979
1551768139.720275 498.26935 -104.92238 39.72025 -0.01323 -0.03382 -0.13818 0.98974
1551768139.851399 499.56307 -105.28495 39.88121 -0.01275 -0.03352 -0.13857 0.98970
1551768140.032969 501.52529 -105.82557 40.12650 -0.01245 -0.03318 -0.13940 0.98960
1551768140.163928 502.84919 -106.19949 40.27276 -0.01202 -0.03404 -0.13986 0.98951
1551768140.274987 504.13172 -106.56321 40.41229 -0.01236 -0.03527 -0.14052 0.98937
1551768140.426941 505.44645 -106.92235 40.55434 -0.01347 -0.03636 -0.14145 0.98919
1551768140.609999 507.37356 -107.46535 40.77808 -0.01548 -0.03676 -0.14283 0.98894
1551768140.750880 508.64744 -107.82155 40.92455 -0.01683 -0.03647 -0.14384 0.98879
1551768140.871826 509.93229 -108.18758 41.07947 -0.01779 -0.03584 -0.14474 0.98866
1551768141.042857 511.19830 -108.54574 41.23203 -0.01850 -0.03517 -0.14590 0.98850
1551768141.184838 512.47857 -108.92486 41.39022 -0.01878 -0.03481 -0.14687 0.98837
1551768141.295550 513.75710 -109.29549 41.55138 -0.01949 -0.03477 -0.14805 0.98818
1551768141.416271 515.06067 -109.67661 41.70205 -0.02022 -0.03506 -0.14925 0.98797
1551768141.587309 516.67396 -110.15724 41.88442 -0.02071 -0.03554 -0.15064 0.98773
1551768141.778597 518.59952 -110.72402 42.12569 -0.02123 -0.03511 -0.15244 0.98746
1551768141.919862 519.91289 -111.12891 42.30166 -0.02141 -0.03448 -0.15346 0.98732
1551768142.123317 521.94470 -111.75347 42.53704 -0.02149 -0.03433 -0.15508 0.98707
1551768142.254064 523.32292 -112.17985 42.68385 -0.02129 -0.03485 -0.15612 0.98689
1551768142.457221 525.34816 -112.81838 42.90850 -0.02163 -0.03572 -0.15778 0.98659
1551768142.669976 527.40589 -113.46434 43.14985 -0.02140 -0.03505 -0.15904 0.98642
1551768142.780666 528.74944 -113.91219 43.31343 -0.02057 -0.03384 -0.15960 0.98639
1551768142.911562 530.10863 -114.35608 43.47955 -0.01947 -0.03312 -0.16007 0.98636
1551768143.134256 532.18495 -115.03381 43.73053 -0.01892 -0.03330 -0.16085 0.98624
1551768143.349644 534.29519 -115.70449 43.98230 -0.01894 -0.03436 -0.16167 0.98606
1551768143.541047 536.35709 -116.35800 44.24333 -0.01787 -0.03436 -0.16201 0.98603
1551768143.754151 538.49854 -117.05665 44.46923 -0.01650 -0.03418 -0.16193 0.98607
1551768143.955794 540.64704 -117.77087 44.72506 -0.01540 -0.03457 -0.16123 0.98619
1551768144.178803 542.79918 -118.49152 44.98804 -0.01303 -0.03549 -0.15974 0.98644
